5.484946632633469932e+00
2.569981996121088415e+07
2.064544683232658713e+02
8.361653172614386165e+01
4.503619433079019655e+04
1.579701610295168066e+05
3.795240823779901120e+02
2.574320900138918660e+02
2.597471240879477818e+02
9.960872801716314484e+01
7.168136261658726198e+02
4.541429628180490852e+01
1.816665086670557514e+02
1.873494862117890420e+02
2.675568918963015378e+08
4.071521090409818571e+05
1.500787965863356367e+06
2.896412256094016600e+06
1.108896315375573747e+07
3.282764525913855177e+05
2.569419040747054666e+07
1.885967755115365144e+06
3.433283391395519488e+06
1.106533399236991815e+07
3.290350228557061637e+05
2.194128272755267844e+07
1.743913415809529368e+06
3.497167898306821473e+06
1.057274584696086682e+07
5.876598645141951849e+00
2.370344222702224501e-01
1.000000000000000000e+00
1.000000000000000000e+00
1.000000000000000000e+00
3.523896538394258022e+09
8.768105301533454657e+07
4.022600828521841904e+05
4.732128924775996711e+04
2.561105055200626452e+02
7.384087511710771423e+02
2.641143972646509610e+02
1.694865024898027173e+02
3.034065232758816564e+05
1.000000000000000000e+00
3.351303816222811482e-02
2.370344222702224501e-01
1.000000000000000000e+00
3.889617044264760959e-01
4.053216236372514936e-01
3.070630470100886300e-01
1.000000000000000000e+00
8.518112531650856578e-01
3.405429758601155754e+02
2.597471240879477818e+02
1.816665086670557514e+02
1.000000000000000000e+00
1.000000000000000000e+00
1.000000000000000000e+00
1.000000000000000000e+00
1.000000000000000000e+00
1.000000000000000000e+00
2.064544683232658713e+02
4.503619433079019655e+04
8.361653172614386165e+01
1.579701610295168066e+05
1.099381051972314344e+04
7.825261846177808366e+03
5.984048132713851942e+01
1.298492612178781182e+08
4.465800300273225876e+05
2.424655950991992722e+05
6.364286917155246483e+05
4.072245189489839249e+05
1.017299285567180067e+07
2.120877219049716834e+06
1.104060239733673818e+07
9.707009189882697538e+06
