1.253154930441271198e+01
9.576342458929173648e+06
1.870997434351074773e+01
4.822454027864377935e+00
6.418170329445676543e+03
3.593514847032126909e+03
2.900455121587227154e+02
1.964260306037963346e+02
2.261839671089680337e+02
3.012532644665330750e+01
1.738085576146620213e+02
1.834500822847563484e+01
5.611702241526100465e+01
4.611059951047111838e+01
4.828755537227503955e+07
1.183502967919823423e+05
6.463483223374290392e+05
1.282827385439402657e+06
4.075303175614069216e+06
8.933262713250400338e+03
9.412014205926546827e+06
8.144610445965729887e+05
1.445533761893098010e+06
3.983717946371804457e+06
8.189112157700524222e+03
5.663100723441445269e+06
4.175028191775228479e+05
8.858902914493213175e+05
2.657127748137093615e+06
1.460748637957293594e+00
5.975611002647422676e-02
0.000000000000000000e+00
0.000000000000000000e+00
0.000000000000000000e+00
-1.251328456454804689e+08
-2.512721613169649616e+06
1.152441653332332935e+05
3.106131667028285847e+03
1.956273624924614865e+02
3.992781838067688227e+02
2.437695190812496264e+02
5.640818288921231272e+01
3.190755763268653391e+04
0.000000000000000000e+00
1.124387975181690954e-03
5.975611002647422676e-02
0.000000000000000000e+00
1.858204454620723534e-01
2.072298146804182617e-01
1.053960401099855865e-01
0.000000000000000000e+00
5.017428013615315985e-01
2.888965976343692432e+02
2.261839671089680337e+02
5.611702241526100465e+01
0.000000000000000000e+00
0.000000000000000000e+00
0.000000000000000000e+00
0.000000000000000000e+00
0.000000000000000000e+00
0.000000000000000000e+00
1.870997434351074773e+01
6.418170329445676543e+03
4.822454027864377935e+00
3.593514847032126909e+03
3.963747794666312529e+03
1.747720650918420461e+03
1.561983420388220445e+01
-1.610027951048747264e+07
5.679337795380491298e+04
2.945718689752270075e+04
9.567786107164395798e+04
3.906203339432286157e+04
3.035164615203769878e+06
4.137246030402270262e+05
3.456881644642291125e+06
2.662753681425110437e+06
